1.0765918
1.0148174
0.044099564
0.77725579
0.97850292
-1.609761
0.54506067
0.95079899
1.1688517
1.601133
0.7148068
0.377519
1.0253364
-0.42021197
0.086193607
1.0115244
0.32653071
1.4612537
0.44426284
0.65698302
0.95759149
0.72543616
-0.15675059
0.84430807
1.2796684
0.67159479
0.051371954
0.4446339
0.35250798
0.21780688
0.82778668
-0.76667673
1.0967257
0.64138928
-0.098289655
-0.11418314
0.93272131
0.41016112
-0.21191838
0.77514196
0.42172193
0.13066676
0.59976882
0.9726029
0.99114902
-0.10539698
0.32327931
0.89763421
1.2155365
0.10924626
1.3969073
0.90219932
0.72307415
0.5636473
-0.24066306
0.49425448
0.1529942
0.69040125
0.18470874
0.63627277
0.73609067
0.81994423
0.14347204
0.23778882
-0.88753285
0.6868478
1.0489386
-0.077279286
0.98972009
-1.0235749
0.87094506
0.96441578
0.45613077
0.83143491
0.55782895
0.95417573
1.0069205
0.46387179
0.56362925
-0.60826008
0.16857357
-0.07385985
0.54564899
1.0488898
0.72205312
1.2646236
0.54874904
0.84271054
1.1225047
0.11329108
0.23153001
0.61625514
1.1072464
0.21706174
0.14522247
-0.012580331
0.13462345
-0.10557483
1.1015496
0.00048949559
0.89842771
1.0018947
0.80016986
0.91407018
0.57762583
0.73573045
1.5534424
0.51654554
-1.8561048
0.56097251
-0.12439652
0.098505456
0.73272043
-0.32351893
0.76743722
1.278764
0.58036837
0.78955076
0.40617387
0.72611418
2.2099602
0.42484003
-0.19507726
-0.31154808
0.6496049
0.28695102
-0.34279893
0.60076184
0.94219029
0.71589361
0.76506101
0.28673458
10.924141
0.69388107
1.0170874
0.46184474
1.1773218
0.79497996
0.87654533
0.51228405
0.38186894
0.61558755
0.80027027
0.93588029
0.62608535
1.4845065
0.08251048
0.1912423
-0.19183969
-0.60969875
1.0845132
-0.21207324
0.081406187
1.0235511
-1.2739832
0.91010902
1.08049
-0.020676074
-0.58671678
0.92693423
0.44217082
0.19481138
0.12930963
0.82373948
1.1520275
0.89525108
1.0946932
0.8436131
0.87008334
2.1342866
0.60809029
-0.039008071
-0.16387365
-0.21980831
-0.19882022
0.85219762
0.61165282
0.97079281
-0.082218157
1.0777393
-0.66632681
-0.15602654
0.10085347
1.1382751
0.78966756
0.37162368
1.2165188
0.48329941
1.0947416
1.1764284
1.2278995
0.81488376
0.081761476
0.1449473
0.48259831
1.2294027
0.60216145
0.87428867
0.81900183
-1.8446221
0.58139674
0.90895114
-0.076804468
-0.13719711
0.9097674
1.3395758
0.26986665
0.92450142
0.89265969
0.48119144
0.91938183
0.3788114
0.41965115
-0.79412442
0.71868227
0.11126751
-2.1589468
0.78971479
0.83002249
-0.075346757
0.37773078
0.11977986
1.0205015
0.43529264
0.32000193
0.73032181
0.92162984
0.82970766
0.86628978
0.82339205
1.0466784
0.8783642
-0.011609729
0.21963082
-5.2613875
0.71498878
1.0741127
-0.57337428
1.3302921
-0.78039105
0.98340387
0.49813432
1.0296796
0.54624582
0.96656247
1.1277845
0.53770483
1.2609504
0.86222512
-0.3226147
0.51260472
-0.39430352
0.17204264
0.17586815
0.28922967
0.56295259
-5.9419708
0.65725288
0.57382848
1.0069036
0.24794505
0.9652728
1.0028446
0.50279793
1.1320436
0.40682043
29.130488
0.4352723
1.0651642
0.67006949
0.076700055
0.44527401
0.85785147
1.1749633
1.1245708
0.62968535
0.8787625
-0.63741043
0.90341412
-0.40060962
0.83825134
0.89661155
-9.7074327
0.53211964
0.51735035
0.76755785
-0.22773123
0.96172882
0.30338594
0.80440221
13.469609
-0.18275141
1.0489554
0.99174699
0.42715442
-0.16941911
-0.034303338
0.67659407
0.25825238
0.79989338
1.1693412
0.75585717
1.1147309
0.83124544
-0.072438038
1.1956703
0.73465415
-0.34446057
0.78637835
2.9534801
0.67460064
-0.2643096
0.76729034
0.95097892
0.55864222
0.61638179
35.95422
0.66519462
0.1024431
0.54994508
1.1206128
1.0703276
0.73976025
0.33655626
1.1148303
0.89123481
0.50455723
0.37370563
0.99115684
0.69071869
0.28857628
-0.28147161
-0.29634043
4.2285025
0.66052029
0.88331393
1.265183
0.76989003
0.63120648
0.9049077
0.76176912
0.8583204
0.75743126
0.74471536
0.11835676
0.98195268
1.1906914
0.89044431
0.11762078
-0.28129554
0.92905171
0.87641901
0.88660305
-0.76332801
0.40752153
0.97059622
0.35183356
0.89684354
1.083321
1.0181642
0.97859602
0.82325678
0.67832664
1.0355616
-0.41372981
-0.5148307
0.84711691
0.74331017
0.76438594
0.66993248
0.9058199
0.96625492
-0.44707179
-1.0119709
1.6815994
0.86601128
0.64572053
0.57472004
0.95425417
-4.164658
0.72071711
1.0205654
0.9122677
1.1273544
-0.13630988
0.62432554
1.060705
0.52712208
0.57550072
1.0601861
0.93896665
0.56765803
-0.39289489
1.0559168
-0.57605895
-0.059781621
0.81789004
-0.70408215
-0.55729394
0.051549989
0.33726459
0.39387849
-0.67606204
1.0578863
1.0522681
1.0640272
0.73949623
0.54125943
-2.9626513
0.86823308
0.62503896
0.22231742
0.80332286
0.97192137
0.67524646
0.18421275
0.78112886
0.69874301
0.99680722
-0.21579207
0.88515097
0.27962769
0.29018522
0.67681763
0.97677736
-1.1047472
0.29321377
27.161502
0.33836651
1.0933747
0.30284569
-0.058222835
0.18428077
0.94100384
-0.68620475
0.062303218
-0.60745826
1.0550238
-0.57222755
-0.021995346
1.3394815
1.0071011
-1.0759773
-0.062545445
0.73925385
1.5557876
0.59539461
-0.06309374
0.54330384
0.95501041
0.26589368
0.95290035
0.79221691
0.88141466
0.88058077
0.56238182
0.70713158
0.93439179
0.16476158
0.0066646327
1.0249271
0.70749901
1.1794164
0.63274911
0.95859234
0.38421855
0.6928143
0.91096046
0.33754429
1.2080595
1.014045
1.6072898
0.63576244
-0.33572841
0.093623919
0.49851469
1.1610927
0.0034149153
1.2054615
0.68312693
-0.35892615
0.89110741
0.49472675
1.0338894
1.0295175
0.01931665
-0.35731598
1.0203411
2.5502249
0.68470071
0.92998663
0.60191739
0.9153402
1.0400716
-0.15602376
1.4437555
0.72875978
0.75763686
-1.1815148
0.90715775
0.91217634
-0.57004416
0.64823547
1.2375403
0.28654193
0.62882973
0.95294138
0.01803898
2.6854518
0.71319982
0.57577678
0.70425476
0.91718164
0.85686799
-0.069393409
0.70920373
0.78795747
0.77121502
1.2006832
1.1172162
1.305336
0.080253019
-0.18353775
0.96438342
0.80793642
0.25633514
0.74925388
-17.260268
-0.4879798
1.1800588
0.55505455
0.051387389
0.61902564
1.1156879
-0.072849636
-0.15211105
-1.0759166
0.20348261
-0.078095903
0.62293091
0.28545962
1.068551
0.83497378
-1.1499454
0.38501025
0.72522486
-0.18885841
0.53759892
0.75676437
-0.29154772
0.071718729
0.94046618
0.21364804
-0.21520856
0.75487726
0.90841282
0.91449381
0.50077128
1.2895686
0.061088468
0.89778238
0.63441259
0.26732279
0.63481183
0.22476151
0.73597651
0.91934142
0.91747002
-20.937553
0.67939078
0.96142775
1.0601492
0.86530161
-0.4573437
1.0357626
-0.21633891
1.0156371
0.51445822
-0.012061457
0.15710948
-0.78668657
0.74801279
0.95979911
0.99851571
0.80867806
0.86345301
0.68661029
0.57614638
-0.080973009
0.88574214
-0.20901013
-170.64392
0.70778196
0.061507252
0.93099852
0.96445696
0.63208556
0.26089486
0.36366061
-0.45401792
0.53628332
-0.1016883
1.0092067
0.23948804
0.39704873
-0.7754228
0.56871186
0.82027461
0.5225791
0.83368642
1.1375716
-0.095470469
0.90990179
1.0874105
-1.3524142
0.71012163
0.84841001
-0.11666097
0.95783085
1.3011277
0.41741155
0.33581553
0.83997071
1.212023
0.94051021
0.7294675
0.18528013
0.70128566
0.93687763
0.85557334
0.80703808
-1.0136714
0.93559637
0.56728515
0.52129371
-1.3733544
0.79853639
-0.10823056
1.4351717
0.42658545
-0.25305981
0.14073414
0.75735226
1.0707968
0.57926999
0.50736548
1.2759453
0.50183828
0.34902486
-0.78043326
0.84796163
1.0046291
0.49209679
0.67582955
0.86845937
1.5363534
0.78611866
0.48179816
-0.15013257
0.85740226
0.83035085
0.8502242
0.81460476
0.58410027
-0.47579182
0.9448632
0.74993198
0.48426889
-2.52023
0.93194965
0.66443428
0.45150538
1.4127416
-0.21370422
0.52746308
-1.544356
0.84383223
0.74782938
0.7272822
0.98805757
-0.36812289
1.1338523
-4.8857366
0.69475244
1.3418404
0.81687935
1.0525839
0.78694468
0.94549387
-1.5089659
0.123859
-0.078882169
0.61980099
0.90635695
-0.62099969
1.2252827
1.279131
-0.080264647
0.733719
0.216184
0.5473111
0.65751507
-2.2671342
0.57312328
0.34955868
0.34415102
0.91790143
-0.7354267
-1.4071148
0.71535401
0.11669548
-0.090931371
0.51977976
-0.30700105
0.4151571
-0.57081237
0.72465716
1.2568055
0.23426284
-1.5662998
0.16346846
-0.33296656
0.76201543
0.85213925
0.744385
0.97373602
0.30825213
0.13708303
0.15116839
1.1419208
0.69695298
1.2799901
0.20899793
1.2000517
0.088775696
0.51035302
0.017160615
0.72719816
-0.0095945914
-0.40702391
0.67475843
-0.12535234
0.95413318
-0.60882316
-0.10342309
-0.71316154
-0.30728966
-0.45226062
0.28272139
-0.17035584
0.84372624
0.5709355
0.069101376
-0.56859711
0.25660322
0.72574837
-0.33588543
-3.3740534
0.6701083
0.84473504
0.74530425
0.61847223
1.0714837
0.42666691
1.2318468
0.81358117
-0.42459142
1.0744346
-1.572388
-0.18812824
0.13248568
1.0162792
-0.0052994754
-0.47851968
-0.064942553
0.60357286
1.1028137
0.84377798
1.0091321
0.89016301
0.89711706
71.084307
0.66899679
-1.0065925
0.93162474
1.0770563
1.1580442
0.48525871
0.50358273
0.49609041
0.84435533
0.17728057
-0.42697599
0.61063312
0.55711612
0.4825834
0.85802409
-23.634525
0.98801121
0.60132589
0.89941449
-0.029715931
0.62707094
-0.79321816
0.44325995
-0.08754387
-0.30962807
0.13284578
0.35989677
0.72117461
0.56011145
0.46612381
0.976178
0.23844206
0.71421593
0.058501296
0.90903331
0.14911315
0.66285038
0.51420973
0.65832965
1.0962472
0.32232146
3.7224894
0.70158651
-0.2128082
-0.3595877
1.0648558
-0.49024011
0.92427539
0.23378246
1.1561007
1.0871122
0.20640768
0.91694263
-0.41850841
1.1165347
0.83504439
0.051057972
0.8545399
1.1136431
1.1887665
-0.35338459
0.50701504
0.76021818
0.92678584
0.37858549
1.5216279
0.42735495
0.51691927
-1.0765823
0.54277774
0.78339172
0.91845042
0.73324198
0.94146154
1.0101745
0.53690998
0.81068283
0.49889559
0.36929611
0.51715201
0.69786017
0.77557587
0.68351791
0.43849549
-0.17807945
-0.017527427
0.040448539
-1.7254996
0.11507043
1.0599634
0.5340316
0.94936007
1.0739165
0.57260094
0.97734894
0.25275718
-0.14416829
0.36758341
0.92975236
-0.50982935
1.1050633
1.0988589
0.38382332
0.14386554
-0.089520078
0.41601179
0.27515599
0.18454882
0.74173927
0.29617791
0.12214766
0.58718323
-0.69616311
-0.51607774
0.7900701
0.71694656
0.7399472
0.27832603
0.94181107
1.1411829
0.8210551
0.74174752
0.94334689
0.85277588
0.62163146
1.0041217
0.69356501
-0.20652372
0.72902741
0.80544365
0.99203551
0.95090141
1.111711
-0.41848977
1.1754972
0.49279868
-1.8137952
0.76690972
-0.60382892
-6.6752887
0.50392122
0.6798918
0.94214537
0.35432763
0.13239577
0.78428278
0.5840258
-0.38359258
-0.17653748
0.52333426
0.97178253
0.33639491
0.97863736
0.68021671
0.93516439
0.75290996
0.29216753
1.0055238
0.35884483
1.1229667
1.1509993
0.41205453
0.88652209
1.0425106
0.16612453
0.65440366
0.32702458
-0.61669312
1.256835
0.36166374
0.44883176
0.82811129
0.83772095
1.195534
0.93818569
0.9905724
1.2400866
0.92442562
0.58449761
0.93671526
1.1294569
0.48760879
0.45274271
0.70920133
0.88905784
0.41789598
5.7615037
0.65349543
1.0134052
-0.34315447
0.42306965
0.37670734
-0.81684343
0.39700306
0.92867419
0.97187418
0.84019528
0.72904345
-0.62273462
1.1788597
1.0056292
0.96375293
0.52587785
0.421001
-0.29387407
-1.4008377
-0.13222341
0.39805976
-1.7388714
0.11962275
1.2316882
0.94106597
0.57216028
0.81295173
1.315954
0.013992682
1.1887432
0.85891728
-0.20120318
1.2081033
0.90203021
0.30970937
0.59378183
0.11359749
0.81912022
0.69940316
0.9252232
0.19783295
0.73170755
1.1176091
0.40461601
0.92212623
0.40260147
-4.4619132
-0.033697048
0.70084081
3.5679479
0.73284622
0.6499134
1.0117841
0.49735134
-0.22026689
0.50082253
-0.64732112
-1.0549387
-0.37078014
1.1583923
0.81845183
-0.18131631
1.0569131
0.65081135
0.73965247
-0.61705586
0.95756893
0.82450043
-0.38785305
0.81923976
-0.57325508
-9.3741509
0.68146072
-0.34008078
-0.23883198
0.94344495
-0.20616202
1.1571265
0.66707031
0.96278013
0.51417781
0.45609939
1.1498912
-0.0870018
-0.082330975
1.0799748
-0.096565147
1.029273
0.44605029
0.71756213
1.027254
0.35856906
0.51194419
9.1702988
0.9280291
0.64445885
0.39952597
0.48091382
0.319262
0.45940502
0.68873771
0.04153365
1.1450238
0.91652653
0.53445905
0.89528927
0.76861706
0.181675
-0.021733876
-0.001268423
0.86314534
1.0813188
0.80676619
1.0449118
-0.13006741
0.75405169
0.089343762
-1.171683
-0.24048924
1.1540572
0.84846852
-57.775984
0.45091499
1.7491477
0.73729483
0.75616661
0.80938798
0.54087532
0.93363705
0.59352264
1.2589892
-0.46054003
0.38524576
0.95836742
0.80478663
1.2760383
-0.28703366
0.8312753
0.77232704
0.32577719
0.5175461
1.0627896
0.69196371
0.61230786
-20.313231
0.22244148
1.1489527
0.28841471
0.70783092
0.76021824
0.43913209
1.0419971
0.93522289
-0.64683391
0.61041988
1.051997
0.80190527
0.65897427
0.99730725
0.77457437
0.85768373
0.87076611
0.67181458
0.040293474
-0.082207709
-0.40217469
0.97733664
1.0396324
1.3426887
0.78791087
-0.63281535
0.60382815
0.95875225
0.47076371
0.80879354
0.24181019
-0.049487676
0.17144945
0.82178513
0.20819264
1.1975665
1.1056557
0.64227224
1.1935502
-0.11672955
1.4450215
0.79577087
-0.40027963
0.10301957
0.87882417
0.88143104
-0.10986329
1.1138917
0.048792905
0.74868304
0.80219323
0.87271704
0.36650668
0.7287483
0.69344359
0.76066469
0.91865146
0.60872138
0.97208031
0.45233226
0.8966977
0.70136296
-0.7772116
0.88452116
0.5752519
-3.5919709
0.20974274
-0.39473289
0.45044449
1.3440107
-0.75999941
0.89178011
0.50145116
-0.58816515
0.38816377
0.22442699
0.85873957
0.36896137
0.87364509
0.50419123
1.0074993
0.90163012
1.2062909
0.77084926
0.73669242
-0.41657607
1.2039687
0.52916224
0.39102771
1.1201834
0.32905366
-0.52417684
0.10303691
2.2424803
0.59687217
0.76764458
0.16919243
1.1075399
0.78319533
0.70844993
0.099566002
0.68218454
1.0727552
-0.0015098212
0.76472145
-0.14731222
0.7766411
0.13081314
0.67290457
1.0364906
0.32333938
0.85587236
0.88230364
1.0016573
0.5149273
-1.3043304
0.69453901
0.85163247
1.2292141
0.85652702
0.53406835
-0.10007345
-0.10361946
0.77647085
0.77231903
0.93635484
0.78523523
0.94845201
-0.32681914
1.0887503
1.0673624
0.17013116
-0.45460652
1.0204196
0.76207635
0.9868192
-0.76445722
0.53223369
0.83194454
1.1205687
-1.147255
0.94695063
0.10013415
0.49956923
0.98261499
-0.40275919
0.88982192
1.0353181
0.065288299
-0.59070202
0.055387728
0.92067536
0.44074325
-0.23302469
0.0045567387
0.95417171
0.84102041
0.34416519
0.99065515
0.72587784
0.79851176
0.89606913
0.14238482
0.59332649
0.79517992
0.89324566
-0.33477414
0.72317561
-0.033392679
0.87534217
0.80736718
1.0100515
0.97240881
0.69206891
1.0145782
0.56999652
1.1242842
0.21152357
0.90077297
-1.9476441
0.69035758
0.86044771
0.91032533
-0.050429089
1.1096072
1.0326348
0.9501006
-0.10882857
-1.372534
-0.10745424
0.60654619
-0.21783474
0.90609131
-0.56237858
0.43197522
0.18738329
0.86951011
0.92305254
0.5544441
0.259076
0.82810371
0.76061963
0.2619049
0.86936336
-0.23312119
-2.3752917
0.70143343
0.037880645
0.37819039
-0.099322013
0.23374626
0.87426904
-2.5419464
0.79252474
0.28709661
0.89128787
-0.22809853
0.3825431
0.78663114
0.97054868
0.6098692
-0.64048317
0.99461928
0.99053036
0.7574677
1.0559314
0.70584187
0.4450593
0.17317383
0.86442072
0.92109614
0.67497379
0.75731369
0.99294474
0.8662949
-0.69921872
0.96934091
1.0442668
0.8542281
0.93057081
0.54189188
-0.59960735
0.8533717
1.0142819
0.26482413
1.1872188
-0.14951381
1.0974331
-0.23045197
0.79222336
0.67834946
0.90242549
1.1854
0.66622319
1.1669237
0.93943834
0.93244039
0.56795018
0.70691791
0.47556561
0.53989842
0.86003728
0.89234952
0.2028044
0.94119609
0.21311265
0.87979838
1.1006523
-0.23708824
0.24276237
2.4077705
0.68336041
0.31536787
-0.26440751
0.37347809
-0.22801904
0.51887871
-0.062511832
1.0863813
0.83058797
1.1101735
0.91326414
1.3142551
0.85132341
0.93886743
0.78499326
0.88133392
0.56829833
0.54530793
-0.068252249
0.59613116
0.28866301
0.76797837
0.87950587
1.0350512
0.75938556
0.23049567
0.33520868
-2.1427833
0.64414455
0.37561675
0.95305839
1.20054
0.35826222
0.56035493
0.83427094
0.84976968
0.88676348
0.79188486
-0.31692645
0.87231434
0.69087927
0.18866702
0.26673895
0.27423449
1.13462
0.9613749
0.71925913
1.120439
1.4782608
0.5967683
0.85763177
0.94978087
-2.3134961
0.5510932
0.91056697
-0.89551835
-0.0034815684
0.45895283
1.0903466
0.93773742
0.731665
1.0516312
0.76923447
-0.194665
0.23531206
-0.68520415
0.99210755
0.61088243
-0.37205857
0.69144821
1.1419098
-0.051297061
0.91361445
-1.3809219
1.1085007
1.0755807
0.95399588
0.080220142
0.43158538
-0.051333777
0.91882082
0.31423999
0.75188837
1.162663
1.4396027
0.64573151
1.5032417
0.54755927
1.1428496
0.95399162
1.0002955
1.0012904
0.67875427
-0.92953843
0.47240002
0.9640769
0.57447629
1.0088018
0.99944965
0.27345337
-0.17179289
0.39255105
0.085929857
0.28191166
1.0456694
1.2088643
0.37610456
0.91101495
-1.9113345
0.75050989
-0.15858323
-0.17826968
0.74327371
-0.17694471
0.25350076
0.80737941
0.67535086
-0.30865085
0.58349077
0.80932078
0.92784935
0.32445022
-0.25191912
-0.12779224
1.2306028
0.21782402
0.68065389
1.5784247
0.75337957
0.82207014
0.78772659
1.0824249
0.69531192
0.83257585
0.49747882
1.6513676
2.0418203
0.69305115
0.63734621
0.92151895
0.9349284
0.45311944
0.77342875
0.74998594
0.76863466
0.74518764
2.6548367
0.45462265
3.0598028
0.70778935
389.60432
0.67357137
4.1767577
0.51572858
0.33817717
-3.4114241
0.46683903
0.22064316
1.3400386
0.92898194
0.43538814
0.7792825
0.95263444
-0.79469057
-0.21907888
0.60817382
1.3505502
1.6241966
0.93851237
0.79591426
0.44090354
0.90916804
1.305804
1.1820635
0.85496543
0.93432729
0.72033407
1.0582436
-0.37132801
-0.67875968
0.76539314
0.96896859
0.90944541
1.152075
0.78237502
0.94564735
0.72924618
0.4187596
1.7150726
0.27257457
0.85676163
1.3966656
0.26709606
0.99498677
-1.145817
0.91031498
0.84428486
0.74428122
0.84362872
0.96155033
0.4477786
0.2815919
-0.57610414
1.5670559
-41.509893
0.55523512
0.57968185
1.0642146
0.99320376
0.91570207
0.91865841
1.1630421
-0.26189677
0.65996124
1.1887698
0.83253559
-0.29165042
0.6981262
0.35241952
0.8082147
0.57710234
-0.41030943
0.64554838
0.93499575
1.2120332
-1.3038228
0.41156934
1.0260846
0.93682363
2.6062432
0.62620964
0.56793633
2.0616081
0.64146671
1.0663896
1.0752687
1.073982
-0.33904061
1.5215993
0.20071045
0.23158093
1.0326352
0.59922855
0.92248243
0.92048392
5.0529526
0.98745011
1.1792775
0.15462552
0.81381254
0.55196243
0.33766787
1.1537069
0.95448454
1.1516744
0.92051301
0.9444343
0.77008442
0.42545178
0.47506268
0.12518756
1.0819477
-0.31349404
-1.366293
0.65554667
0.8152779
1.0706675
1.0985431
0.79123145
8.8897499
0.69146126
0.46134775
1.0519565
0.82120471
-0.010166941
1.0010405
0.81270973
0.82071933
-0.40455976
0.34300073
1.1730185
1.9357341
0.2106792
-0.404823
0.84659191
0.89969357
-0.045603536
0.86686743
0.43436856
-0.43852107
0.48396193
0.88448215
0.53973137
1.0637551
0.089635873
0.64945508
1.0128041
1.1628614
0.18767751
1.2064043
1.0081564
0.7091219
0.39774926
0.47331098
0.20072883
0.83068614
0.9210552
-0.046758758
0.79785316
-0.54944251
-0.31448237
0.38752322
0.85465581
1.050039
1.0344736
0.75162292
2.4372878
0.60417673
0.9952922
0.62998159
0.25321997
0.74372714
-0.48880573
1.130328
1.1224335
0.017645497
-0.19181413
0.48876622
0.12029992
-0.17832202
0.23439311
1.1553697
0.053246325
0.39649
0.7191954
0.68060151
0.29906108
-0.27643955
0.79238663
0.7163413
0.75489057
0.9607095
-1.4282181
0.088020713
1.1093319
0.80459046
0.86992124
0.87744822
0.72276695
-0.06222184
1.0239569
0.2678897
0.8706534
0.55550766
0.17180115
1.1391083
0.93598864
0.45469339
0.99639329
1.078519
0.81888447
0.77093771
-0.040547018
0.052017351
0.44836649
0.86898232
-0.13612723
0.54703831
-3.2735683
0.70344657
-0.88776455
0.60098184
1.2235922
0.8600208
1.0767957
1.0083943
0.65634191
0.68767363
1.0080035
0.47358124
1.0286976
-0.2308967
0.64011969
0.3409865
0.75381505
-0.090421784
0.98653889
1.4399856
-0.36275099
0.34427108
0.22964915
0.66720715
-1.1662628
0.13991881
0.84464238
-0.17984686
0.96125776
0.98470269
0.87584683
-0.24239746
1.5057481
-0.16772174
0.18667494
1.2188513
0.87805828
1.0740741
0.95588946
0.30763564
0.31138459
0.69774004
1.4075521
1.1376635
0.6592659
-15.97007
-0.4070433
1.2450102
0.59213614
-0.14926793
0.89483386
-0.81060204
0.18014214
1.1823167
0.25056027
-0.2257327
1.343088
0.75824604
0.70493278
0.21411867
0.2373259
-0.27843016
9.3400747
0.68051755
1.3763012
0.15657596
0.6472845
0.68382579
0.71548368
1.4401799
0.60834445
0.69677158
0.85571976
1.3554116
0.60410514
1.2523258
-0.032657956
-0.48269061
-0.9766713
0.20289716
-0.28468987
0.91184449
-4.0549783
0.74305867
-3.5960088
0.80215395
1.0510243
0.37117001
0.95233823
0.95159132
0.74211317
0.5764237
1.4233882
0.8177684
1.4784178
0.86006004
1.0874037
0.63799476
0.82248242
1.0353741
-0.15602778
0.55725463
0.59648754
0.97865908
0.41305295
-0.063506444
-0.68462491
1.7328936
0.61073083
-0.25837239
1.2599993
0.92893483
1.2624464
-0.049951117
-1.0750692
0.14122838
1.1881576
0.95284418
0.78101765
0.80302731
1.0132875
0.033796226
1.3323519
0.8965972
1.0319699
0.81569891
0.38885854
1.3743041
0.84229365
0.83179223
0.38237236
0.85034725
0.78541344
-1.6997107
0.60780591
0.66400121
-0.21110015
1.077633
0.5671676
0.68673701
0.88075856
1.0025756
0.89608791
0.64074452
0.94750413
0.40306055
1.0435389
0.22977483
1.1202851
0.71070023
1.2756722
0.42279701
0.242189
0.26048827
3.8952366
0.19774695
1.1865164
1.0655062
0.99303411
0.22933354
-0.77680196
1.7071322
0.58163307
0.060887845
0.12600687
-0.34487028
1.1996626
0.054553847
0.57620462
0.34647074
-0.56965786
0.99056424
0.52749823
0.95460378
1.0250005
1.791704
0.55394368
0.7463398
-100.26025
0.31755661
0.60024041
0.55203351
0.78942401
0.9414334
0.50633702
0.71926356
0.2948777
1.003193
0.8669154
1.0499253
-3.6775536
0.67983556
0.70419601
1.0862025
1.3810181
0.4462734
0.82732314
0.82120855
0.80887902
-0.74999628
-0.61225072
0.94103174
0.55011337
-1.0910979
0.8375739
1.0215277
1.1153553
-0.2538785
-0.31245117
0.24335141
-0.83665752
0.66987391
0.97873644
0.14467825
-0.79406286
0.91416539
1.1298443
0.91122836
0.78580476
0.89954575
1.037028
0.28261033
1.2166656
0.85367162
-0.45716958
1.0583794
3.2593503
0.6188284
0.37857714
0.69388854
1.1672272
0.39034037
-1.5835153
0.50925733
1.0051003
1.1164829
14.290221
0.68781074
-0.13518541
0.23030536
0.3197643
0.99831653
-0.62270318
0.055982715
0.78305394
0.92586336
-1.8323773
0.71203725
0.056915647
0.073395852
0.64177899
-1.3471313
0.29223617
1.0366965
0.82383928
0.79129409
-0.97306667
0.69538859
0.15209416
0.80002926
-0.58119289
0.85475517
1.0620281
0.79679524
0.92378921
0.98512339
0.95125801
0.81810221
-0.28344958
0.035244224
0.68592032
0.74365413
0.54142698
1.0334819
0.49978511
0.30189816
-1.8433275
-0.13336281
-0.2494419
0.78782756
0.80026215
0.84927697
-1.0417854
-0.316984
1.1705157
-0.75362484
-0.030676793
-1.2139769
0.087180838
-0.26855438
0.55468639
0.31165171
-0.32344271
0.88024086
0.66073043
0.60966093
0.72218042
-0.30632627
-0.8016501
0.37858647
0.31210649
0.75552064
0.90769956
-0.18935725
0.9048703
1.0369009
0.53126928
0.44927944
0.94772722
0.39724871
1.2984072
-0.023492812
1.0237677
0.80715378
0.046458314
0.64257018
1.0079722
0.76877204
0.60491945
1.1950209
0.11900833
-0.4651694
0.33901169
2.2743209
0.70219298
0.64140947
1.01376
0.79806126
0.31908104
0.85942191
0.22902899
1.1596842
0.9221066
0.79056817
0.78284254
1.0092009
0.91876591
0.76470905
0.89186468
1.0346339
1.1283333
0.58243983
0.12647632
0.89760974
-0.79074474
0.74387176
-0.12588292
0.74212826
0.89235739
1.0601203
0.90155947
0.91927452
1.0795986
1.085562
0.98462419
0.5690508
-1.3080194
-11.89233
0.65366409
-1.5301582
0.58841195
1.3058556
0.91078061
0.99102795
0.19233382
-0.64001025
0.78214909
-4.646684
0.67723159
0.67997344
0.88265096
0.20580313
0.59424263
0.10874594
0.022546217
-0.10362537
1.0933844
-0.2446099
-23.137341
0.60062568
0.79155322
0.89222248
1.129689
0.27552414
1.1153397
-0.89640182
0.96745696
0.84507333
0.63127639
-0.36836911
0.88179715
0.90610332
0.69234844
0.96586226
0.16187196
0.11702993
0.9564454
0.88948847
0.89712123
-2.2745585
-0.50630537
1.1393282
-0.69036094
0.6615829
0.54479427
0.53859793
0.89154011
0.35153297
0.52797673
0.33102352
0.66114073
1.0159861
-1.2898712
0.6637828
-0.51134259
0.97086267
1.0566547
0.83314037
0.8883007
0.94583093
0.84323062
0.65574117
0.11263458
0.50888468
0.53864755
1.1014324
0.18974723
0.89160391
-0.074593679
-0.81050714
0.98047368
1.0736942
-0.34463631
-1.1739199
0.88717885
-0.34867393
1.0585766
1.266382
1.1070229
0.69774988
0.53790015
1.2011236
1.0958565
0.93813689
0.87449769
0.91681505
1.2802923
0.94092634
1.7286314
0.75451815
0.9679936
1.3674819
0.74089148
0.18771699
-0.044291707
0.64912262
15.05412
0.6783033
-0.15440405
0.99608891
0.35197988
1.2341306
0.21608046
0.86890958
0.95518722
0.87956721
0.27918877
0.7722775
0.069825713
0.13383767
1.0449699
-2.3080447
0.29219367
0.58257744
0.74100394
0.95641942
0.72505725
0.13292429
1.0792743
37.430737
-0.65608421
0.70057987
0.44887867
1.0822649
0.62561646
0.13688645
0.5368346
0.35627481
0.73371082
2.0764901
0.59277787
0.32296327
0.96964509
0.80865609
0.86759263
2.1507529
0.94210757
1.0907989
0.82743166
0.97164356
0.65854597
0.55418497
1.0226633
-0.9476769
0.95240758
0.8833953
0.62312241
1.0954539
1.0439052
0.56959063
0.45624362
1.5056371
0.74711984
1.050003
0.84970894
1.2363959
0.0047318652
-1.2980166
-0.051467287
0.91776091
0.61029392
1.1904776
0.6022414
0.51081744
1.0666516
0.76769857
-1.7035757
0.90101605
1.0577146
0.049934728
0.87978874
0.47009835
1.2886068
0.70930039
0.71286954
1.5634482
0.75741913
0.78334717
0.80518453
-2.9585517
0.75975114
-0.17802163
-0.21826362
-1.243342
0.3289108
0.015169841
0.84755222
0.85349713
1.0419375
1.2129368
0.96841956
0.72233493
0.097632007
0.91279153
0.20306886
-2.9473177
0.28175904
-0.76495065
0.98258171
0.89741721
0.60648656
0.59570823
0.80294356
1.0816004
1.0474643
0.98316019
0.41272261
0.39848558
0.33887981
1.2594682
1.0379516
1.0880331
4.5698753
0.67307626
-1.9793572
0.95670119
0.78927037
0.41344371
0.95677903
-1.391663
1.0354714
0.34789164
0.0028964907
-0.93297467
1.0865973
-0.49137363
-0.1820876
0.73826918
1.1303158
-3.7876172
0.39368701
1.0013624
0.79190628
0.076713552
0.82186543
0.97731359
0.98569116
0.56720696
-0.44822575
0.77360753
1.5404215
0.71713622
1.0638385
0.21175127
0.29412781
0.63323076
1.2359991
-0.084918352
0.21443871
0.89076686
0.73084979
0.077669099
-0.12624579
0.57881299
0.87325335
0.83360669
0.36610534
-0.082549915
0.16343456
0.56882942
1.3233041
0.26161816
0.18539214
0.36401794
0.93932135
0.78247415
0.95677867
0.78747589
1.2020791
0.83123478
0.42100028
-0.54631519
-0.14238371
0.91812547
0.68327302
1.0363583
0.23874701
0.99081413
1.0050781
0.87293844
-0.46026379
-1.9663137
0.69080415
-0.056970411
-0.29814752
1.0613077
1.0903133
0.73161799
-0.13686837
-0.067805908
0.62436903
0.90802158
0.0028604555
-0.5981605
1.2251235
0.79313581
0.88194412
0.95920446
-0.10576667
0.31363171
0.74884942
1.1444764
-0.5111058
0.64992813
6.109983
0.66938061
0.05780346
-0.16179275
0.06918864
0.61603898
0.95557698
0.90773813
-0.15899444
0.6021967
0.79873335
1.7775201
0.83539716
0.17571013
0.028017482
-0.12664874
0.031363172
1.2193774
0.67097452
0.96774773
0.50669554
1.1548707
-0.47683348
1.0518036
0.87324105
1.1700493
0.93084731
-0.25992199
1.351412
0.36808615
-0.26171684
0.96897639
1.3115283
0.29248235
0.93761011
-0.17976786
0.75907971
-0.13193657
0.75488316
0.72968157
-0.1857039
1.1955574
-1.8121646
0.28119961
0.17343223
0.82018142
2.1152773
0.46250631
1.0463074
0.62458154
0.4963786
0.37329562
0.62267084
-0.10621288
-0.33090968
1.0499486
-5.4022067
0.63378644
0.93700782
0.61282317
0.87942204
-0.16917279
1.5365067
0.71575716
0.056677999
0.29797272
0.70315216
0.90613499
0.50067186
0.35699152
0.94656713
1.1383961
-1.0195808
1.0301329
0.62339614
0.66843499
0.49624056
22.316837
0.68263592
-0.22151557
0.27770068
-48.628259
0.35591834
0.70995349
0.60367159
0.62711253
1.2278302
0.73437604
0.98545623
-1.7003615
0.71783919
0.62603558
-0.13174636
0.66514089
0.98406411
-1.2947809
0.76742881
1.2494265
0.33780054
1.0799472
0.60118209
0.50309124
0.68048073
1.0516908
0.97970055
-0.32217803
-0.46125211
0.72623167
-0.37824872
-0.17062249
-0.031272772
0.91206431
0.50316629
0.014057384
-0.11826831
0.74472292
3.2202623
0.36127088
0.90445602
0.93748072
0.15928958
0.81455955
0.73861369
-0.13495162
0.46904696
0.041755741
1.0848605
0.51717338
-0.15329717
1.1682446
-0.26783819
0.35077164
1.4410979
0.10811829
0.80269622
0.63364089
0.73971445
0.54097808
0.86146869
1.0470359
-0.44006426
1.285486
0.72849471
0.79694668
0.12753922
1.2274033
0.077969997
0.48538611
0.86951543
0.66089081
0.44945104
0.4872765
1.0881589
0.90372888
0.36293344
0.30447228
-1.0111408
-0.3350191
1.1414248
1.0737031
0.90716601
0.25505587
0.87477822
0.24893606
-0.14613633
0.87861189
1.2177913
-0.73606355
0.84644134
0.62992653
1.0026507
0.25409622
0.58580926
0.84431279
0.68879016
1.1598638
0.57213325
0.8352297
-0.066465571
-0.90824355
0.49060721
0.67211415
-2.3733888
0.21579659
-1.2282263
1.0326385
0.75019062
-0.56702527
-0.5368469
0.29255535
0.67652258
-0.79040368
0.65952831
1.0856189
1.2817551
0.78494242
-0.65768025
1.1281058
0.047107938
-0.32096794
0.94525768
0.35907247
0.28955922
-0.033002447
1.0379061
0.2393786
0.77485948
-0.10096806
2.6365824
0.36366323
0.77720149
0.69593939
0.14434101
0.46235233
0.79208545
-0.23449943
1.1524178
-1.2255138
0.81863616
0.95636634
0.74521
0.89876762
1.1979914
-0.075327918
0.10577214
-0.11025596
0.70201485
-0.17982295
0.41580496
0.57628007
0.64613155
0.85609774
0.556629
0.61221051
0.99074623
1.1271228
0.087745281
0.41512282
