1 	生日 	1 	2.63905732962
2 	月 	3 	1.94591014906
3 	演艺 	1 	2.63905732962
4 	公安 	3 	2.63905732962
5 	护理 	1 	2.63905732962
6 	图片 	2 	2.63905732962
7 	助理 	2 	1.94591014906
8 	庭 	1 	2.63905732962
9 	从 	1 	2.63905732962
10 	社会 	1 	2.63905732962
11 	成都 	1 	2.63905732962
12 	有 	1 	2.63905732962
13 	经理 	1 	2.63905732962
14 	座 	1 	2.63905732962
15 	公司 	2 	1.94591014906
16 	痴迷 	1 	2.63905732962
17 	出版 	2 	2.63905732962
18 	学院 	6 	2.63905732962
19 	27 	1 	2.63905732962
20 	卖肾 	1 	2.63905732962
21 	督察 	1 	2.63905732962
22 	警务 	1 	2.63905732962
23 	江西 	1 	2.63905732962
24 	( 	1 	2.63905732962
25 	卡门 	1 	2.63905732962
26 	20140101 	1 	2.63905732962
27 	含义 	1 	2.63905732962
28 	中心 	1 	2.63905732962
29 	制作 	1 	2.63905732962
30 	董事 	1 	2.63905732962
31 	2017 	1 	2.63905732962
32 	生活 	1 	2.63905732962
33 	宋林 	1 	2.63905732962
34 	年 	3 	1.94591014906
35 	baidu 	1 	2.63905732962
36 	部 	2 	2.63905732962
37 	四 	1 	2.63905732962
38 	作品 	2 	2.63905732962
39 	在线 	2 	1.94591014906
40 	筹资 	1 	2.63905732962
41 	9 	1 	2.63905732962
42 	劝阻 	1 	2.63905732962
43 	粉丝 	1 	2.63905732962
44 	高级 	1 	2.63905732962
45 	法 	1 	2.63905732962
46 	职业 	1 	2.63905732962
47 	民警 	1 	2.63905732962
48 	研究 	1 	2.63905732962
49 	微笑 	1 	2.63905732962
50 	卖房 	1 	2.63905732962
51 	高清 	1 	2.63905732962
52 	会员 	1 	2.63905732962
53 	试听 	1 	2.63905732962
54 	京 	1 	2.63905732962
55 	岁 	1 	2.63905732962
56 	歌手 	3 	1.54044504095
57 	杨丽娟 	3 	1.94591014906
58 	通化 	1 	2.63905732962
59 	湖北 	2 	2.63905732962
60 	演员 	2 	1.94591014906
61 	人 	4 	1.54044504095
62 	空中 	1 	2.63905732962
63 	护师 	1 	2.63905732962
64 	填词 	1 	2.63905732962
65 	日 	3 	1.94591014906
66 	天 	1 	2.63905732962
67 	无 	1 	2.63905732962
68 	个 	2 	1.94591014906
69 	歌曲 	1 	2.63905732962
70 	弋阳 	1 	2.63905732962
71 	型 	1 	2.63905732962
72 	多次 	1 	2.63905732962
73 	山东 	2 	1.94591014906
74 	音乐 	2 	1.94591014906
75 	审判 	1 	2.63905732962
76 	资助 	1 	2.63905732962
77 	此后 	1 	2.63905732962
78 	/ 	4 	2.63905732962
79 	交通 	1 	2.63905732962
80 	3 	2 	2.63905732962
81 	甘肃 	1 	2.63905732962
82 	开发 	1 	2.63905732962
83 	河北 	1 	2.63905732962
84 	农业 	1 	2.63905732962
85 	一 	1 	2.63905732962
86 	开讲 	2 	2.63905732962
87 	毕节 	1 	2.63905732962
88 	郧西 	1 	2.63905732962
89 	啦 	2 	2.63905732962
90 	区 	2 	2.63905732962
91 	代表 	1 	2.63905732962
92 	工程 	1 	2.63905732962
93 	院长 	1 	2.63905732962
94 	局长 	2 	2.63905732962
95 	省立 	1 	2.63905732962
96 	_ 	10 	0.847297860387
97 	赴 	2 	2.63905732962
98 	百科 	2 	1.94591014906
99 	个人 	2 	2.63905732962
100 	师范 	1 	2.63905732962
101 	早年 	1 	2.63905732962
102 	全部 	1 	2.63905732962
103 	天下 	1 	2.63905732962
104 	财务 	1 	2.63905732962
105 	30 	1 	2.63905732962
106 	天秤 	1 	2.63905732962
107 	政治 	1 	2.63905732962
108 	baike 	1 	2.63905732962
109 	给 	1 	2.63905732962
110 	百度 	4 	1.2527629685
111 	旺角 	1 	2.63905732962
112 	》 	2 	2.63905732962
113 	教授 	4 	1.94591014906
114 	更多 	1 	2.63905732962
115 	、 	5 	1.94591014906
116 	。 	2 	2.63905732962
117 	协会 	1 	2.63905732962
118 	com 	1 	2.63905732962
119 	香港 	1 	2.63905732962
120 	集团 	3 	1.94591014906
121 	人物 	4 	1.94591014906
122 	主任 	4 	1.94591014906
123 	cm 	1 	2.63905732962
124 	22 	1 	2.63905732962
125 	, 	4 	2.63905732962
126 	63 	1 	2.63905732962
127 	供 	1 	2.63905732962
128 	川 	1 	2.63905732962
129 	人民 	1 	2.63905732962
130 	174 	1 	2.63905732962
131 	活动 	1 	2.63905732962
132 	管理 	2 	1.94591014906
133 	相关 	2 	1.94591014906
134 	总监 	1 	2.63905732962
135 	税务 	1 	2.63905732962
136 	通 	1 	2.63905732962
137 	及 	1 	2.63905732962
138 	情妇 	1 	2.63905732962
139 	总 	1 	2.63905732962
140 	. 	14 	1.54044504095
141 	后 	1 	2.63905732962
142 	信息 	3 	1.54044504095
143 	华润 	1 	2.63905732962
144 	家 	1 	2.63905732962
145 	科学 	2 	2.63905732962
146 	主要 	1 	2.63905732962
147 	清华 	1 	2.63905732962
148 	> 	4 	2.63905732962
149 	民航 	1 	2.63905732962
150 	籍 	3 	2.63905732962
151 	桃姐 	1 	2.63905732962
152 	见 	1 	2.63905732962
153 	广安 	1 	2.63905732962
154 	视频 	2 	2.63905732962
155 	舞台 	1 	2.63905732962
156 	支队 	2 	2.63905732962
157 	《 	2 	2.63905732962
158 	学生 	1 	2.63905732962
159 	观看 	1 	2.63905732962
160 	医学 	1 	2.63905732962
161 	10 	1 	2.63905732962
162 	她 	1 	2.63905732962
163 	16 	1 	2.63905732962
164 	文 	1 	2.63905732962
165 	开始 	3 	2.63905732962
166 	精选 	1 	2.63905732962
167 	法院 	1 	2.63905732962
168 	新疆 	1 	2.63905732962
169 	附属 	1 	2.63905732962
170 	所 	1 	2.63905732962
171 	间 	1 	2.63905732962
172 	总部 	1 	2.63905732962
173 	海底捞 	1 	2.63905732962
174 	烈士 	3 	2.63905732962
175 	原 	1 	2.63905732962
176 	父母 	1 	2.63905732962
177 	国家 	1 	2.63905732962
178 	餐饮 	1 	2.63905732962
179 	医院 	2 	2.63905732962
180 	制片 	1 	2.63905732962
181 	的 	4 	1.2527629685
182 	无贼 	1 	2.63905732962
183 	著作 	1 	2.63905732962
184 	社 	1 	2.63905732962
185 	查看 	1 	2.63905732962
186 	东北 	1 	2.63905732962
187 	监利 	1 	2.63905732962
188 	钢铁 	1 	2.63905732962
189 	局 	6 	1.94591014906
190 	云南 	1 	2.63905732962
191 	生命 	1 	2.63905732962
192 	副 	6 	1.94591014906
193 	南昌 	1 	2.63905732962
194 	股份 	1 	2.63905732962
195 	宿迁 	1 	2.63905732962
196 	) 	1 	2.63905732962
197 	- 	2 	1.94591014906
198 	1961 	1 	2.63905732962
199 	辍学 	1 	2.63905732962
200 	经历 	2 	2.63905732962
201 	港 	1 	2.63905732962
202 	青少年 	1 	2.63905732962
203 	邯郸 	1 	2.63905732962
204 	娱乐 	1 	2.63905732962
205 	大学 	3 	1.94591014906
206 	追星 	1 	2.63905732962
207 	有限 	2 	1.94591014906
208 	本溪 	1 	2.63905732962
209 	2007 	1 	2.63905732962
210 	经济 	1 	2.63905732962
211 	AB 	1 	2.63905732962
212 	市 	4 	2.63905732962
213 	长 	2 	2.63905732962
214 	疑似 	1 	2.63905732962
215 	： 	4 	2.63905732962
216 	最新 	1 	2.63905732962
217 	世界 	1 	2.63905732962
218 	疯狂 	1 	2.63905732962
219 	以 	1 	2.63905732962
220 	沈阳 	1 	2.63905732962
221 	情 	1 	2.63905732962
222 	兰州 	1 	2.63905732962
223 	， 	3 	2.63905732962
224 	教师 	2 	2.63905732962
225 	QQ 	1 	2.63905732962
226 	员 	1 	2.63905732962
227 	kg 	1 	2.63905732962
229 	刑 	1 	2.63905732962
230 	” 	1 	2.63905732962
231 	“ 	1 	2.63905732962
232 	四川 	1 	2.63905732962
233 	中国 	1 	2.63905732962
234 	无效 	1 	2.63905732962
235 	美术 	1 	2.63905732962
236 	海量 	1 	2.63905732962
237 	寻 	1 	2.63905732962
238 	省 	3 	1.94591014906
239 	技术 	1 	2.63905732962
240 	道 	1 	2.63905732962
241 	若 	1 	2.63905732962
